# channel number
6
# number of samples
1214
# sampling frequency (Hz)
1
# recording start date
20-07-2014
# recording start time
18:32:21.225
# channel names
BHN;BHE;BHZ;HH1;HH2;HHZ;
228807 -476834 185.968 -304.135 357.636 -106.268
228899 -476901 112.284 221.23 203.871 -403.573
228864 -476822 194.605 74.7629 -32.0994 382.662
228892 -476810 148.045 173.309 138.26 149.177
228937 -476772 144.263 -130.513 -47.1718 -300.297
228839 -476786 144.221 -388.66 50.8924 -462.25
228941 -476741 155.974 -37.6295 52.652 -300.292
228935 -476721 162.909 257.569 67.6214 -102.806
228922 -476710 148.766 -199.939 -101.481 439.07
228908 -476697 171.016 146.756 -84.8552 -261.707
228921 -476724 146.663 -302.031 265.205 -560.447
228936 -476686 127.768 14.2871 188.671 -371.507
228901 -476666 156.485 115.973 -6.9862 165.684
